function [ Y ] = YPrim(length)
%CONDUCTANCE MATRIX PER UNIT LENGTH
G_u = [ 1544.307189,	-480.390712,	-553.6881161,	-425.5519795;
		-480.390712,	1481.167167,	-503.0823636, 	-362.2165323;
		-553.6881161,	-503.0823636,	1558.250209,	-430.7378822;
		-425.5519795,	-362.2165323,	-430.7378822,	1258.393941];

%SUSEPTANCE MATRIX PER UNIT LENGTH		
B_u = [ -517.2981263,	126.0663549,	64.1738193,		-36.76183315;
		126.0663549,	-655.7768157,	100.3622804, 	56.54297326;
		64.1738193,		100.3622804,	-481.620345,	-47.12491946;
		-36.76183315,	56.54297326,	-47.12491946,	-230.8965785];		

%ADMITTANCE MATRIX FOR THE GIVEN LINE
Y = (G_u + 1i*B_u)./length;
end

