function [ Z ] = ZPrim( length )
%UNTITLED Summary of this function goes here
%Detailed explanation goes here
%%%%%%%%%% KNOW DATA %%%%%%%%%%%%%%
l = [36,20,20,25,20,24,20,24,24,24];	%LENGTH VECTOR IN (m)

R_u = [0.000491835	4.86E-05	4.87E-05	4.86E-05
4.86E-05	0.000491835	4.87E-05	4.86E-05
4.87E-05	4.87E-05	0.000491836	4.87E-05
4.86E-05	4.86E-05	4.87E-05	6.79E-04];

X_u = [0.0007888	0.000629161	0.00067006	7.00E-04
0.000629161	0.0007888	0.00064048	6.49E-04
0.00067006	0.00064048	0.000788798	7.08E-04
7.00E-04	6.49E-04	7.08E-04	7.91E-04];

Z = length.*(R_u + 1i*X_u);
end

